Run: 1/6905	Result: 2.624113	S: 2.549352
Run: 2/6905	Result: 3.915144	S: 2.549352
Run: 3/6905	Result: 2.515624	S: 2.549352
